20100123 20100123 HwangMyunghan CS 12345 23456 17651 17652



20090421 20090421 KimJason EE 17651 17652 17653 17654



20110512 20110512 ParkHongsun CS 12345 23456 17652 17654



20100123 20100123 KimYunmi CS 12345 17651 17652 17653



20100125 20100125 KimHokyung ME 12345 23456 17651 17654



20100323 20100323 JungPhilsoo CS 12345 23456 17651 17655



20080678 20080678 AhnJonghyuk EE 12345 17651 17652 17654



20110298 20110298 LeeMijung ME 12345 23456 17651 17652



20120808 20120808 KimSungsuk EE 12345 23456 17651 17652



20080603 20080603 ParkKitea ME 17651 17652 17653



20070452 20070452 KoKyungmin CS 12345 17652 17655



20130091 20130091 KimChulmin CS 12345 23456 17651 17652



20110876 20110876 ParkKiyoung EE 12345 17651 17652 17654



20100128 20100128 KimMinsu CS 12345 17651 17652 17653



20100131 20100131 KimJungMi CS 17651 17652 17653 17655



20130094 20130094 JangGoyoung CS 12345 23456 17653 



20130095 20130095 KimSoyoung EE 12345 23456 17651 17652 